r_1                 r_2                 r_3                 r_4                 r_5                 a_11                a_12                 a_13                   a_14                a_15                a_16                 a_17                    a_18                   a_19                a_20                ED_vec_max            EA_vec_max              satisfies_constraints
5.999999322020108   5.999995002673523   7.469323359172686   6.000000912913514   4.404896800726012   4.900949638627132   4.9081948703189      3.1648373085537846e-7  4.486893724744621   34.726235877140105  5.14971440040031     5.173799254497531       0.2996322059796419     4.726704846340047   36.59511122885621   0.4212385971331485    0.13215788778071982     0
6.000048004191908   6.000000110678723   6.587025666225981   7.010040981433656   6.0000028058049475  8.803962124524512   8.902512474538378    2.842673488684258      1.2564298436056767  4.043308019314724   9.285733781040834    9.406016649759026       3.000570323607635      1.306677303088907   4.253571812807398   0.31193247178105277   0.029160161178683364    0
5.96461349574341    5.9999990962974605  5.999999719384537   5.994520107682648   5.892983687897297   7.44260017348441    6.900900877129543    5.822751937226102      6.218556652376393   3.9819188018252842  7.823570248936145    7.270719884437554       6.135919785073121      6.573589805042574   4.19767759830924    0.11328459642580188   0.009815131406219813    1
5.999999638923967   5.99998987220196    5.7485827160539795  5.808743928683367   5.564352824282532   5.866495572649688   5.946514100188943    8.677474442740712      8.034137490711128   6.593813530478842   6.186724784931102    6.268578755441915       9.15043563554622       8.473235245891516   6.951502172149      0.05968084069186025   0.0007612759631578925   1
5.985627964094839   5.999997329235148   5.709989534669101   5.777800771726155   5.52417000875046    5.887846284316343   5.779340310547358    9.122563652398451      8.326800921641572   6.893938181203235   6.2093222675040005   6.094830224044742       9.619811311501934      8.780902956310252   7.26980620168453    0.05315859295406208   0.000474014689936908    1
5.986255835938437   5.999996747681197   5.688336171245787   5.7736664641561894  5.5379222611769725  5.861166412348288   5.761330881054885    9.509701236337625      8.370846199543532   6.69261802363544    6.180164927747064    6.0750818395037545      10.027307360939846     8.827764555389141   7.056213376416494   0.06017122103686612   0.0006676683838469089   1
5.999998299893982   5.995823916900917   5.726981749295875   5.785884073483963   5.543002407463086   5.773487321089092   5.905035484559098    8.927317284438706      8.295351593923346   6.746079998247632   6.0854750146624434   6.226720231193836       9.411510526150192      8.747069917452404   7.112746424954858   0.0565738433113733    0.0010601112061561224   1
5.999273999107355   5.999997618330287   5.728012105390341   5.788744310494142   5.542938023772117   5.793590743661743   5.860119596297194    8.922630352565731      8.261671131514374   6.761273998102886   6.10851019961834     6.18039379730874        9.410285523362804      8.711838973139454   7.12883615760763    0.055440392565633434  0.0006493530997868646   1
5.995799715289429   5.999980663413663   5.723359689121458   5.786444838121943   5.5366195355034336  5.816451333754793   5.838386917060668    8.973630956787833      8.267830873666309   6.811206847771804   6.132432933466581    6.156333729493495       9.462412185361288      8.719494412906311   7.182526088071054   0.05431478715144565   0.0006732076128175279   1
5.9993255858454955  5.999998442532771   5.730910585250395   5.792197699945447   5.544640531007656   5.8033176157238495  5.872714395763324    8.887570837047251      8.217431798794825   6.752932999311592   6.118938107133177    6.1922900798306975      9.371624751433565      8.66516348259713    7.120873967634293   0.056009658984562345  0.00024825766544189776  1
5.999939458652891   5.999997443222515   5.723144220022636   5.800202856926805   5.54209100017064    5.791051261036348   5.8715563877508865   9.02970918824219       8.074940303815387   6.783496739145008   6.107737771669733    6.192776110014555       9.523046222049109      8.513535257997317   7.15441718373134    0.055938671159693386  0.0008130330214140002   1
5.999968507236781   5.999998813875087   5.729476538398923   5.790352183426641   5.54427585390447    5.789326528627307   5.869051773673364    8.907108008106842      8.240103721904209   6.752497899959165   6.106661639212969    6.190422085178592       9.393484689874208      8.694365411006372   7.118358457561621   0.055831793000535285  0.0013850651234799116   1
5.994795998794792   5.999957890192202   5.752160653064568   5.788624949083384   5.554786789074244   5.893209098511213   5.9018119341138915   8.544051518905603      8.32273727141403    6.659445524464939   6.215706334265808    6.222556386018301       9.012467239237266      8.777110653462268   7.02220598277602    0.05751305960022259   0.0011840595101717533   1
5.994214612033578   5.999998230833831   5.721634316381616   5.787739427835147   5.533717152661837   5.830583409390325   5.8330637328536445   8.993129416676172      8.23643575159053    6.841474411172458   6.1477115476342865   6.150963743218748       9.484753108811443      8.684280079024026   7.21548753764328    0.054000563478871735  0.0007706818686736838   1
5.991915048313815   5.9999999973663956  5.718994725859521   5.785670743106019   5.530008256705717   5.846807243758751   5.81879202256843     9.019551438230522      8.24938891452651    6.870272023353868   6.1655907743858736   6.1361461827776544      9.510436833600858      8.698195328720255   7.244986426860943   0.053277397292071524  0.0003464395905350415   1
5.999998110814048   5.999028363750407   5.7273923826671425  5.796010803743127   5.540252181415463   5.78910057935042    5.878772337209421    8.94470843254053       8.142052345207995   6.802319505205603   6.105224977703312    6.200762377340473       9.432504974954577      8.586748002048413   7.173133703546914   0.05611311692797336   0.0006179909576959908   1
5.999972667430861   5.999997347728761   5.726693784545546   5.790658541051209   5.54066429057249    5.784307481486554   5.860148682020933    8.947223017233002      8.224800638072715   6.78847612105547    6.098733808533407    6.18013164257199        9.436035729324715      8.67316176166682    7.160086139780062   0.055402488172230493  0.000709899410113568    1
5.98730388065304    5.999983298301606   5.715776847799417   5.781338072728112   5.52435319022248    5.884356539169979   5.794664405206638    9.038779576166538      8.28710367696045    6.91228193560293    6.2055163252067524   6.1121501164166245      9.530075126098152      8.73813548953242    7.288292926573395   0.05252861389483545   0.00090251220925186     1
5.999935110741117   5.9999605805206695  5.740983497096445   5.8015132489922     5.550645868352333   5.828743935922097   5.907551361661128    8.757971202033884      8.109715589236284   6.7194666681882715  6.1450296790050105   6.231441826118431       9.235753306096461      8.551111812314318   7.087146264061656   0.05779939512070475   0.001010230607419338    1
5.999998064414886   5.999994066206919   5.70159776478003    5.812733348813739   5.516603892583397   5.748442591197393   5.825469128805402    9.367790130100241      7.797624535370416   7.061105661098469   6.060987277717031    6.145556464452362       9.880142109089785      8.221852991076481   7.445480404694151   0.0588237510852919    0.001159471863717343    1
7.912948180880017   7.984625544331623   8.374426816948507   7.797047268843785   7.7350463612660825  0.2826194148903292  0.05756096960943585  0.0015345748687246627  0.8224049148371395  0.7503894513596949  0.29801992304471847  0.00044764464911540495  0.001359087659852621   0.8673316797327755  0.7912961383364836  0.5                   0.02187217571384641     0
6.5744809628764465  6.606220377667894   6.206757043437184   6.280754882152884   6.000002877896037   3.9652906665951813  3.7840218859081447   6.457446654303002      6.010649339764041   4.7310152961811625  4.18092503733117     3.9903185757082205      6.808856690418542      6.337912930857396   4.988237106679773   0.12549557159917554   0.0007931913068834895   0
6.5670709472390705  6.592960976752102   6.203365341958774   6.276542413450131   6.000001136499301   3.9967576687530504  3.8547718790428336   6.450938672597505      6.013200663070379   4.700355154024379   4.2141581912063355   4.062505113755565       6.8017098239591105     6.341736623187476   4.956487272742164   0.12699781204798352   0.0009656717640140755   0
6.579113247796142   6.607221871310196   445.7812968073349   6.303494696500978   6.000000025577469   4.9315965121949175  4.73177865230498     0.0                    7.334839319367164   5.96512072805592    5.200690141380706    4.990143053897647       8.174412360527979e-23  7.7345121170529385  6.290429781465233   0.5                   0.0006041950525781381   0
6.551445541958567   6.58880526017745    6.201834052268466   6.2679565416265755  6.000000769536422   4.082723704249816   3.8594193249195565   6.4233884250900966     6.058485113194272   4.67146092072589    4.304807608541455    4.068964444330522       6.773148636357393      6.387540035777356   4.9262460261597765  0.12851085345778973   0.0014704889088106299   0
5.999999793715947   5.999984948901223   5.724318381189015   5.7876584522968155  5.535629259302423   5.76867317332776    5.8467551582723125   8.969019944265243      8.259502522799107   6.837016053082095   6.083524834379668    6.16554456468835        9.45776521229011       8.709199359811045   7.208459982508648   0.05471781243424542   0.0004901061942792495   1
6.564568551267949   6.596541128014824   6.204098704322634   6.2779243581745705  6.000003688771841   4.015977063184006   3.831179076104388    6.44772311106295       6.0040632106760095  4.704501650589969   4.235103275995079    4.040687021500986       6.798785464918664      6.331680801494101   4.960488988911576   0.12681846914758835   0.0008635069842792831   0
5.999936479675415   5.9999957630829135  5.737705297041687   5.801737088407216   5.535216064512805   5.807310607265127   5.882873160761038    8.781587250896514      8.070436986230042   6.891485827857303   6.12364902079698     6.203623538046612       9.260265856935899      8.510545253785894   7.269250857114947   0.05657040212195423   0.0010098933937543464   1
6.563444420725532   6.595822016959571   6.203623208229216   6.278221395506587   6.000000725127577   4.021796169870669   3.8340651528060516   6.450597484496481      5.999014816338087   4.701171044872907   4.2432364985083835   4.043640048004697       6.799450769100968      6.327998720543661   4.956439029517154   0.12695291499865383   0.0008733056765541924   0
6.565149235767979   6.597831184079011   6.205428885390872   6.280786132801192   6.00004947350434    4.017150370008628   3.826282593348627    6.442269074375727      5.985296466705858   4.71068733580543    4.236302284634769    4.0349201245787265      6.7951841774442965     6.310428723866955   4.967167700868396   0.12651256299947847   0.0009331305002522328   0
6.563700352124142   6.598661934755795   6.204995681747139   6.278246560174392   6.000028952627689   4.024311520388856   3.8187435337657307   6.441814311389255      6.004311142417189   4.707107585844894   4.244390165627053    4.027120427360074       6.792155372272554      6.331784905026261   4.963199399846072   0.12669246234607823   0.0009289703034580654   0
6.5645960507113745  6.593106971842411   6.202925424588438   6.2772533645296305  6.0000010967405615  4.010486131778619   3.8518608575045734   6.451073939714474      6.004014253258834   4.699776885990496   4.229162406927572    4.0616644582500925      6.80385929178857       6.332588885871385   4.954039987052971   0.12709174992044822   0.001243996462578334    0
6.567754356586656   6.596754763977768   6.2038265093248555  6.281643953999603   6.0000028414024635  3.998032260717622   3.8362877625576983   6.460797606963659      5.976868297855866   4.710938649303811   4.214953020139861    4.044539346457142       6.812209049790515      6.303380246338359   4.968185126535684   0.12646625313264673   0.0008158287602149095   0
6.565172021255904   6.596919687569493   6.205734245575771   6.277854644103585   6.000012518598993   4.013571202169276   3.8311764139228073   6.433888398322298      6.009524870687202   4.706847806491655   4.2327125348375985   4.039489042834889       6.785211122913388      6.336229981318033   4.963010071144695   0.12669575034324995   0.0008130212237809076   0
5.999997520833056   5.9999898324677465  5.899142632558964   5.968794315333162   5.467562901847674   6.142365342141923   6.217977710587602    6.5942128337409525     5.934677802664778   8.38809588933016    6.484558731380378    6.565828816347567       6.954822441030808      6.274678356285931   8.824995928035207   0.09426578491979287   0.006734861830235417    1
5.9818470759535485  5.9999955908178535  5.728824010311479   5.791041458073579   5.54601809596821    6.005063162857715   5.841533845996848    8.87702305012183       8.190827653130485   6.696653814640335   6.33207787590058     6.160125260928286       9.36101659677937       8.638334484284902   7.061578131281962   0.05529359944420419   0.0006714212977674272   1
5.999991707989521   5.999960806482105   5.734987545148204   5.7948827063990995  5.555507379601274   5.817539739384494   5.895339287957417    8.85171717518349       8.205263668758834   6.644428235898731   6.132025304484197    6.216014940871326       9.33444644811451       8.652318524144844   7.007032896507689   0.057194131735508795  0.0009079698692180393   1
5.999997918965818   5.99997765420568    5.742424557220086   5.803144170804636   5.5547964636462055  5.8372995066937445  5.916703658502041    8.74745658528046       8.091687007147206   6.679553801488719   6.155233671906472    6.237889002571358       9.22517958008526       8.532876120542367   7.045387211677149   0.05824628752289277   0.0006948700616113967   1
5.999997520298174   6.456732754847471   5.9999993418436155  5.975944661361167   5.999999455755775   7.778422316588012   3.7499910249462114   6.607192528721238      7.413536934632838   3.4678678923158333  8.196259748794434    3.951224033160762       6.963656451698913      7.8330674327699406  3.6934957909489436  0.15298781777002823   0.04274704416043562     0
5.999987911975287   5.9999679720452     5.735894263582076   5.7890362317413695  5.5472784738294285  5.799708596505513   5.880148403168125    8.806049887187397      8.282573723005202   6.727204357369792   6.117128913101592    6.198304000043665       9.287695564407606      8.734714888166504   7.093387554544996   0.05635065043221973   0.0007875018229266395   1
